Reacoes de apoio [N]
[[-4.24806785e-08]
 [-1.40000000e+04]
 [-4.20000000e+04]
 [-2.80000000e+04]
 [-1.60071068e-10]
 [-1.40000000e+04]]

Deslocamentos [m]
[[ 1.56485946e-05]
 [ 9.13255637e-04]
 [ 1.09328926e-05]
 [ 9.25828940e-04]
 [ 3.74896406e-06]
 [ 9.34586672e-04]
 [ 3.74896406e-06]
 [ 9.43791616e-04]
 [ 8.27816937e-07]
 [ 9.43791616e-04]
 [-9.27725877e-06]
 [ 9.29418049e-04]
 [ 3.74896406e-06]
 [ 9.38175782e-04]
 [-1.39929608e-05]
 [ 9.20433857e-04]]

Deformacoes []
[[-9.431403995784368e-07], [9.43140399581312e-07], [1.7515464563664079e-06], [1.0778747423785108e-06], [-3.3881317890172014e-21], [-2.0210151419560007e-06], [0.0], [1.3473434279649355e-07], [-2.02101514195713e-06], [1.6940658945086008e-22], [1.7515464563663213e-06], [-9.431403995806724e-07], [1.533293416683374e-20]]

Forcas internas [N]
[[-4.1592491621409064e+16], [4.159249162153586e+16], [7.72431987257586e+16], [4.753427613889233e+16], [-149.41661189565858], [-8.912676776025963e+16], [0.0], [5941784517325365.0], [-8.91267677603094e+16], [7.470830594782929], [7.724319872575477e+16], [-4.159249162150765e+16], [676.182396757368]]

Tensoes internas [Pa]
[[-198059.48391147173], [198059.48391207552], [367824.75583694567], [226353.69589948727], [-7.115076756936123e-10], [-424413.17981076014], [0.0], [28294.211987263643], [-424413.1798109972], [3.5575383784680614e-11], [367824.75583692745], [-198059.48391194118], [3.2199161750350855e-09]]